827.396226951347 960.419229152
832.480638572441 1927.688557984
842.495409080253 1198.943334145
859.392808982597 1140.24175496
859.428819724784 1617.585829312
860.403001853691 1859.61931848
860.423692771659 1657.451031295
865.400438377128 2552.251332656
871.427965232597 1601.158965297
876.506517478691 2318.419279424
879.469713279472 3142.009200288
886.402513572441 1089.855692496
889.487047263847 803.081720608
890.398546287284 1135.967788128
892.501024314628 1951.363630976
900.417528220878 1282.371968591
900.49075712535 2545.089486464
902.452623435722 2695.152030736
902.454088279472 1022.366315919
903.502061912284 1066.409118481
906.447069236503 1535.961871409
907.451280662284 808.450264112
907.512010642753 896.335607663
909.444810935722 1801.021213967
914.471056052909 2236.412459695
916.449815818534 1076.606333393
917.5121194300381 873.415133199
917.517564841972 921.253871888
918.411912986503 3993.09131888
918.444261619316 2281.522351152
918.484483787284 2374.905575184
920.580125877128 1624.805179344
922.487108299003 1288.786486351
926.470018455253 1990.538245889
927.549852439628 1654.845660111
928.468370506034 2145.655834097
928.504747459159 1728.293791409
929.445116111503 852.701548208
930.393236228691 1426.265376608
930.482530662284 1451.706770336
931.533250877128 1008.51349712
931.537401267753 3307.017298544
932.497484275566 2572.125553279
933.410753318534 2336.904677775
933.5400735316 1072.835234511
937.487123533378 1951.073262465
937.534153121444 905.546261648
940.502323533378 2931.421866
941.452989646659 1991.655194673
942.440599509941 869.837125919
942.539354392753 2568.295344016
943.460435935722 1187.937753536
945.494554588066 2304.090069424
946.487291404472 1005.785714689
947.461412498222 3003.985701312
953.521776267753 3695.611107792
953.534323533378 2630.753904863
954.447984763847 3807.798743937
955.508531638847 796.099633311
956.437974998222 1094.885883263
956.517381736503 2846.857403377
957.512437888847 881.231430304
958.544054099784 1635.292270208
958.544420310722 1896.838671857
958.544923533378 1974.310864767
959.4940530237881 1769.947162032
959.540317672224 1160.791196528
959.54739775035 2042.491848031
959.548265525566 1739.920826048
962.579881736503 2199.894979169
963.563951560722 3082.028655743
964.506847066756 3203.262967489
965.408250877128 1406.225275728
965.5218850550381 2745.820199184
965.523973533378 3693.237957424
965.525133201347 3064.127468176
965.528184959159 898.313764255
965.627245017753 1344.278810993
966.574449607597 2628.998102464
966.585619041191 1431.119696704
966.593004295097 2081.897186144
968.535326072441 2294.215328672
969.465501853691 2022.466242224
969.475816795097 1248.899907216
970.388658591972 2305.749008527
970.442674705253 3720.573536143
970.475938865409 2704.037686945
971.517442771659 2499.069764207
971.528659957382 1726.469595056
971.587022849784 949.724151777
972.513658591972 2118.92637944
972.549181052909 2362.475438544
973.543748924003 1304.336385263
973.552110740409 2395.491163631
974.491380759941 1837.833804688
974.518785545097 1988.65917584
975.465501853691 2655.805059999
976.452501365409 1516.135893999
976.453599998222 1126.141046991
976.569749900566 964.040707856
976.581821578474 1300.437135375
977.473924705253 3093.409585007
978.6117288050381 1883.914630031
980.529222556816 958.944912336
981.564989158378 2787.747565088
981.5716897425381 1023.388791199
981.574144431816 3229.887787104
982.4056741175381 2516.158465039
982.532823631034 2852.675931904
986.553331443534 1262.710985824
986.579881736503 3133.549772257
987.541843551132 1531.113684385
988.460619041191 1841.865503487
989.517185348006 1191.551368592
990.498020308944 1676.474936224
990.550401756034 2225.853734335
991.568956443534 2347.481273489
991.581638473006 883.529086928
992.4118386683181 1294.462243984
992.463914939628 1683.93464016
993.5018655237881 1516.049280511
993.538621970878 3606.450953553
995.528123924003 2093.737752832
996.385898726912 1702.899770767
996.440233299003 1684.29786144
996.607835838066 859.064920352
998.463670799003 4407.789501759
998.502550193534 840.297768912
998.528490134941 2969.079291184
999.5283547816 2466.163167968
1000.507785933944 1924.196554751
1000.509067672224 1173.907172753
1001.565294334158 854.976349937
1002.513353416188 1698.185697088
1002.581821578474 831.988097839
1003.533739158378 1869.001082273
1003.534023533378 1906.642868831
1004.492174216968 1945.780342561
1004.551622459158 2748.335460016
1004.5765725550381 1405.239820273
1004.576938765974 1028.11273192
1006.544969627128 1174.748397568
1006.581712791188 2159.760288368
1007.507677146658 1643.76943896
1008.534349509938 1003.629921457
1010.514452049008 880.112096815
1011.611789840194 2551.891837072
1012.481798240408 1420.46586968
1012.554308006038 1323.240381184
1013.419481345878 2397.490325055
1013.478000777694 799.747222367
1013.590623924008 4044.366822705
1014.549120017758 1582.484808815
1014.585802146658 2059.512928608
1015.500230857598 2970.292359728
1015.516954490408 2524.146158656
1015.518711226912 1712.89325856
1015.595689841968 4227.215865312
1016.613084861508 1930.721180576
1017.514391013848 1457.720661488
1018.465929099788 984.792042
1018.482164451348 2696.747346544
1018.496934959158 2768.247823359
1019.511034080258 2054.369395184
1019.531847068538 2380.200129153
1019.540758201348 1765.900584448
1019.554246970878 3728.703452624
1020.557102340194 802.702242448
1021.460130759938 2165.608562528
1022.4919167933181 2971.343934368
1022.518297263848 2215.369670495
1023.454271384938 2696.591359393
1023.462572166188 1027.38537568
1023.493822166188 3347.516104463
1024.518114158378 1370.440418015
1024.545627730818 4460.438213183
1024.573581832382 2422.175484832
1025.485080855818 2541.688238016
1026.414110252128 1385.670355169
1026.461107322438 1365.929624401
1026.499363082382 2062.732806047
1026.509325095878 879.593742111
1027.554905074568 2405.155656544
1027.649997848006 1089.101364112
1028.515323533378 882.196014384
1028.550829002128 1213.281923376
1028.585130759938 1836.614827856
1029.455783980818 801.944391296
1029.524950095878 2125.008650655
1029.596971580258 1957.992995441
1029.600315230818 1271.541881696
1029.634080955258 1267.004334
1030.554002830258 3174.032203887
1030.592699119318 891.799762847
1030.691257613632 1783.453650864
1031.458543845878 3231.314628304
1031.550096580258 1713.909964785
1033.483690330258 1829.050381631
1033.511278220878 1698.355452463
1033.511644431818 1413.403746145
1033.547288963068 1983.685871617
1034.544115134938 3175.663014991
1034.561496871444 801.716774432
1034.563524314628 1950.849148849
1034.578247066756 2388.699789167
1035.535570213068 1714.09870536
1036.445970603688 867.912697584
1036.591356345878 1506.458908399
1037.532396384938 1030.885625792
1037.551439353688 1756.788920447
1038.423191207382 947.637480064
1038.455736228688 1172.012130609
1039.569749900568 2250.026313744
1039.569871970878 3400.506073263
1040.572679588068 3081.135801375
1040.5774470667561 850.670671265
1041.464769431818 811.986738737
1041.553392478688 3941.181329792
1042.578050681818 1779.86214968
1043.507663863632 3499.768830577
1043.511766502128 1197.832382368
1043.576023238632 1329.189533072
1043.626878806818 4170.602192689
1044.543993064628 1569.711063471
1045.475755759938 3514.388016897
1045.554491111508 1478.580377809
1045.569749900568 938.969558688
1045.580858299008 3270.999090591
1045.603855269882 2818.137257536
1046.434495994318 841.077629248
1046.474412986508 3158.228811392
1046.495042869318 2621.373400319
1046.529514449568 1530.543209793
1046.533006736508 1384.811634337
1046.575120994318 2254.264275233
1047.498827049008 960.113650336
1047.520115035506 801.792766112
1047.526414939628 1308.705453008
1047.622240134938 3633.988246513
1049.477586814628 893.867687743
1049.558031150568 2476.454893249
1049.558031150568 2010.533481311
1050.528123924008 1230.200258976
1050.570823533378 1694.141357648
1050.576341697438 4219.328419776
1050.622898238632 4465.238751151
1051.453464644882 1918.149290239
1051.460741111508 2913.974174672
1051.475437301132 1406.314774528
1051.574266502128 2729.153837009
1051.577732223006 938.424094528
1051.591847066756 1323.164385232
1051.661367621618 846.1195384
1051.662466254432 947.369987137
1052.440965720878 1404.573473921
1052.503343650568 2768.706050784
1052.522068160506 1853.581175071
1052.525438377128 921.410244992
1052.561008590194 1205.668464992
1052.634813377128 1884.706960849
1053.527391502128 998.743494943
1053.534227439628 2600.6810636
1054.504320213068 871.703442831
1054.530443259938 1065.436654128
1054.544725486508 2479.268150881
1054.570163863632 2399.375251344
1055.458665916188 2289.056279328
1055.499803611508 3778.943995104
1055.576267379256 1325.764305568
1056.581590720878 1665.389847903
1057.503023533378 2543.567665968
1057.555223533378 1462.296982177
1058.523119041188 1629.70085144
1058.575609275568 2072.107082111
1058.586473533378 3397.08255616
1058.627658980818 1130.45426824
1059.534227439628 1438.885762928
1059.583177634938 1120.902363151
1060.471239158378 2677.785843055
1060.540866988632 1936.556590128
1061.480760642758 2379.314910721
1061.498630660506 1393.811651168
1061.603685447438 1332.319773184
1062.493089744318 2622.947702607
1062.526292869318 3148.137346032
1062.526537009938 2578.218943519
1062.582323142758 1525.877888815
1062.595018455258 2793.02911184
1062.659105369318 4496.765653967
1064.502245017758 2720.220441199
1064.511325973006 1815.150916401
1064.579929488632 1321.603837712
1064.721117088068 4447.483065377
1065.489305564628 1655.169373407
1065.498338767758 2143.585553967
1066.545824119318 1350.97718088
1066.554613181818 1959.392810433
1066.576952049008 826.949920543
1066.580614158378 1771.172991984
1067.565111228688 2942.748306145
1068.506029197438 2108.869385856
1069.471042769882 2291.998041696
1069.563158103688 2714.213043233
1069.592577049008 1218.969679135
1070.605825629432 804.816405488
1071.461351463068 1489.375812769
1071.603075095878 1072.184505999
1072.517992088068 2577.271244143
1072.594530174008 2166.76465896
1072.606493064628 1733.69281864
1072.612596580258 1811.918186176
1072.617038863632 3541.383338496
1073.491991111508 815.686609391
1074.537889549008 2222.757987935
1074.555345603688 1925.417014367
1075.491991111508 1332.175027744
1075.500339644882 2085.74304352
1075.573778220878 3150.147656416
1075.577243941756 980.814801328
1076.507371970878 1226.863871696
1076.552782127128 999.031348319
1076.576829978688 2560.322749633
1076.612278121444 1836.040485408
1077.465013572438 1668.858845681
1077.475267478688 1435.573393615
1077.519138473006 1644.731902352
1077.555759566756 2115.460907056
1077.633640426132 2954.459848064
1078.496385642758 1840.433698384
1078.547044822438 1517.048856239
1079.531541892758 2664.7258276
1079.539524215194 1640.768172657
1079.580173629256 1750.303417311
1079.585130759938 2145.182629935
1080.607225486508 2323.409071407
1081.493333884938 1052.91627632
1081.544969627128 2204.325060545
1081.590868064628 1426.945626753
1083.577323533378 3079.181005359
1084.566087791188 2136.580208272
1084.606493064628 1180.142956384
1085.529344627128 2216.225256415
1085.543552535506 3766.43110176
1085.570970603688 1600.926853344
1086.555101463068 1807.0070008
1086.670447066756 3398.54562712
1087.537035056818 2490.625589072
1087.602342674008 1306.617906225
1087.603563377128 2561.480712817
1087.635227340194 893.482201823
1087.638231345878 2743.741527616
1087.638597556818 1037.445741263
1088.474582808944 4616.438263023
1088.512376853688 2292.083038256
1089.522630759938 2958.03622232
1089.533128806818 2450.503410752
1089.536180564628 1973.446658831
1090.483934470878 2343.369424017
1090.502245017758 1271.310274416
1090.525923533378 2290.836955872
1090.526584762068 2320.717050607
1090.555833884938 3784.618922865
1090.559055465194 3551.557102896
1091.523973533378 1023.865653007
1091.598728316756 2159.594672767
1091.607395308944 1471.720362369
1091.631639549008 1442.688118657
1091.634813377128 862.61305952
1092.564256736508 1751.564887631
1092.574558394882 1503.845740959
1093.559984275568 4125.637931024
1093.561937400568 3762.544634816
1093.577196189628 1102.038475279
1093.616991111508 1728.610140561
1094.491014549008 2618.624640527
1094.500705855818 879.738628719
1094.534227439628 1247.380947376
1094.606248924008 1195.743576768
1094.613498824568 4457.965163727
1094.646047066756 993.418326592
1095.524509566756 2993.430216081
1096.557542869318 2690.307594752
1097.486247066756 2600.351211296
1097.499423533378 2643.353411664
1097.555223533378 3963.152619216
1097.556810447438 1975.433812655
1097.594822066756 3339.400301055
1099.614109176132 1388.105862303
1100.549730369318 3270.355219936
1101.539158004256 1299.457925888
1101.584201949568 1084.382661152
1101.616380759938 2641.741734367
1103.571703025568 1251.988519407
1103.637668746444 2885.325155424
1104.501146384938 2387.811574015
1104.541307517758 1482.196082561
1104.556923533378 1970.420388671
1104.560594627128 1046.188893983
1104.563402244318 2012.297397423
1104.582079002128 1919.104382991
1104.592868941756 3214.002783376
1104.615207808944 1445.915761055
1105.624746527868 1045.834040495
1106.514255660506 2534.275159088
1106.585863181818 3161.677932591
1106.586887496444 2684.198706369
1106.590013572438 1040.215145055
1106.591404098006 3753.390621936
1106.624118941756 1800.865480831
1107.535251754256 2530.098809984
1107.556247848006 2242.928444304
1107.680393355818 4418.923815632
1108.538988181818 2454.265123825
1108.540575095878 2267.601730913
1108.595018455258 4297.403779072
1108.696872848006 1862.856000047
1109.523607322438 2333.341940225
1109.550754683944 1675.098850879
1110.519016402694 1101.801626415
1110.532762595878 1734.35156168
1110.559862205258 3334.245630975
1110.569871970878 1666.040564623
1110.582647066756 3948.554665968
1110.698415961461 1318.747811504
1111.493089744318 1178.216269759
1111.547023533378 2435.021889583
1111.575731345878 2955.137077376
1111.584520408378 1946.909299264
1111.719595160682 973.891075423
1112.531908103688 2028.867875967
1112.550706931818 1698.44831328
1112.561815330258 1650.637301712
1112.571947166188 1203.482421071
1112.665330955258 1407.129883616
1113.549778121444 3625.482450992
1113.665378707382 2612.053640704
1114.540256637068 2514.053307311
1116.572435447438 1124.594225215
1116.676443305211 3560.294741377
1116.691331931818 2375.195945025
1117.488939353688 828.378244863
1117.540453025568 1763.828159121
1117.543382713068 2018.72251824
1117.551561424008 4160.886313968
1117.553880759938 3015.945469375
1117.576633590194 1094.618133855
1118.547044822438 834.098022415
1118.570360252128 3049.103316401
1118.615526267758 2402.583125696
1118.644460883336 1721.404789152
1119.522142478688 988.09316816
1119.614719527694 975.875142799
1119.632908004256 2533.632304928
1119.679830756384 2315.34951512
1120.504198142758 858.47518952
1121.537770600134 1137.628336512
1121.619358199568 966.855722255
1121.634664740759 1234.416333696
1122.552293845878 1649.998816929
1124.526537009938 1307.982841889
1125.571628707382 1152.907863233
1125.581102439628 2506.816467071
1125.618124213416 3565.248049584
1126.591966697438 927.371130753
1126.602268355818 3299.06198456
1126.683047066756 1556.275708769
1127.514452049008 3921.709093119
1127.560472556818 1042.901660911
1127.562717574568 2155.97707488
1127.565233299008 4182.202999633
1127.582126754256 1747.883662416
1127.583055564628 1812.078786799
1127.586107322438 1877.775859073
1127.670946189628 2712.27848336
1128.548631736508 3552.562282656
1128.564523533378 3322.455833711
1128.585374900568 3579.751988752
1128.617479392758 3122.746320128
1128.668308394882 1516.890625199
1129.544773238632 3431.525467087
1129.594089644882 3043.181409247
1130.570726463068 2706.194731087
1130.612400191756 3612.121475391
1130.622409957382 902.088870895
1131.490526267758 1531.274055185
1131.500291892758 1480.320032433
1131.534471580258 2070.952484991
1131.547777244318 2932.577947472
1133.533054488632 2146.491559472
1133.571214744318 1235.79778816
1133.575168746444 3149.327302576
1133.588426658378 1767.944367088
1133.635593551132 2533.007574672
1134.509080955258 1147.290705841
1134.545702049008 2752.357186128
1134.603807517758 1462.627096417
1134.614427634938 4355.148892561
1134.629647066756 1657.763028655
1135.473924705258 1955.956695361
1135.588491645057 2060.151661873
1136.477464744318 2698.459152049
1136.577723533378 1539.977588896
1136.590257713068 2606.121855967
1138.573656150568 3585.335762223
1138.638841697438 2497.799319456
1139.543723533378 2007.41094648
1139.550218650568 3642.988894769
1139.603047066756 4436.196883088
1139.605882713068 3164.472573743
1139.666917869318 1258.675510704
1140.615526267758 1688.559456304
1140.616794723006 2341.500004495
1140.654222556818 2715.108021537
1141.478366988632 2374.228854017
1141.501024314628 2355.953068128
1141.553148338068 3717.090392687
1141.555101463068 2460.735764256
1141.585863181818 2860.56238272
1141.601366111508 1932.957716976
1141.624118941756 2825.51797848
1141.628879683944 3733.521637439
1142.499437400568 1102.467332736
1142.514207908378 1363.620184945
1142.580125877128 4411.593707664
1142.605394431818 4421.404454656
1142.680532660682 2744.82375048
1143.480028220878 2601.032928208
1143.565355369318 2667.034371648
1143.685716697438 2260.892747441
1144.455858299008 3124.268886977
1144.532762595878 2072.580801759
1144.602464744318 3504.60154096
1144.604662009938 3560.536843681
1145.505785056818 1719.84923256
1145.626878806818 3212.390714736
1145.728231635291 1714.429313089
1146.588914939628 2035.092262976
1146.593967574568 2239.223460255
1146.602708884938 1745.933347904
1146.675951072438 1859.947304192
1147.551927634938 1940.818916289
1147.602268355818 1953.627534896
1148.512498924008 2193.426386433
1148.581834861508 1681.628098928
1148.613254683944 4194.778362848
1148.618089744318 1453.756814
1148.655002730818 1599.466913857
1149.545627730818 2782.878876897
1149.546922752128 2571.535585231
1149.637302535506 4488.698862464
1151.586887496444 3707.76275512
1151.619358199568 2207.480695024
1151.632005759938 2416.018481488
1152.600633689628 2672.444288656
1152.613987105818 1839.896952368
1153.519090720878 1932.853972928
1153.572801658378 1593.147531375
1154.548997947438 876.688228623
1154.579393455258 2675.788302767
1155.6036706001341 1600.255121297
1155.688162055211 2750.534250144
1155.690281051132 2584.682325391
1156.565036910506 2442.715317151
1156.628391402694 3696.974316096
1156.643724509938 820.482292144
1156.660251754256 2040.192312161
1157.455370017758 1698.774051536
1157.496677535506 2143.512321424
1157.499437400568 1252.552745391
1157.605442183944 1025.799694768
1157.6628629829481 853.688004097
1158.514940330258 3402.096518623
1158.522508689628 3071.564320401
1158.555955955258 851.516087201
1158.564378806818 2660.767244656
1158.617601463068 3150.516494688
1158.759847846227 1750.662037199
1159.520359176132 1048.277439297
1160.501146384938 3325.498462271
1160.555589744318 862.467783376
1161.520725387068 1423.809245153
1161.593967574568 3531.661837184
1162.559495994318 1427.823592496
1162.561327049008 1052.610670128
1162.589891502128 1984.437969345
1162.682346480818 1034.216495344
1163.531297752128 3090.470942159
1164.554857322438 1124.449226895
1164.578538963068 2275.613925168
1164.617601463068 3426.578106495
1164.629367965194 2779.255145536
1165.486253806818 2765.795795968
1165.624851363632 1906.105134783
1165.639818259938 3288.488645792
1166.609300681818 2164.474734495
1166.611742088068 2444.765495615
1166.612400191756 1684.95372472
1167.615207808944 1360.700928128
1168.487718650568 1139.029162432
1169.486864158378 1950.605287313
1169.542723533378 3501.434901137
1170.522312301132 1921.172817183
1170.559495994318 3317.042406528
1171.572557517758 1468.044132913
1171.627367088068 3197.330432144
1171.628147262068 4236.528763425
1172.695652144882 3465.721030912
1173.540989058944 1244.651060912
1173.548679488632 1943.827927649
1173.584520408378 2043.613303984
1173.614231246444 1174.265666369
1173.697971480818 2402.194017184
1174.466600486508 1063.298097217
1174.663866111508 2962.312794897
1175.513109275568 3355.360919776
1175.514866012068 4009.271075569
1175.556444236508 1268.740493871
1175.575975486508 3524.059662545
1175.610935348006 3268.311178544
1176.519323533378 1434.242073215
1176.529466697438 1583.206804943
1176.643358299008 1254.863029503
1177.496751853688 2945.21871016
1177.597215720878 1864.655437361
1177.619798728688 3966.683468544
1177.647996970878 2657.047504832
1178.559984275568 3149.407791759
1179.540086814628 1126.438278495
1179.544237205258 2626.892937071
1179.556200095878 2555.28421104
1179.5698759224001 1053.41586848
1179.756931441756 970.948448463
1180.620992865759 3377.198709248
1180.623460838068 2340.574778111
1180.626423533378 3768.031316512
1181.556200095878 2415.28001256
1181.663181441756 3982.182762257
1182.628465720878 2215.464517871
1182.638597556818 2967.244490271
1183.602342674008 2825.922082544
1184.536302634938 2159.6710516
1184.618578025568 2254.939369889
1184.643650191756 2229.675463072
1184.686571189628 1477.84963064
1184.691990035506 3295.178876528
1185.601854392758 1081.410780288
1185.655002730818 4168.835135136
1185.690525191756 3579.845483599
1186.574680465194 2452.40845424
1186.575731345878 2881.363436368
1187.556200095878 850.989109457
1187.606047066756 3127.23401776
1188.467991012068 2382.678152416
1188.510789939628 1442.421398865
1188.560960838068 1103.834173919
1188.592332908378 2371.55245976
1189.530002730818 4053.192902975
1189.535448142758 2601.32304184
1190.595506736508 864.956686736
1190.612352439628 4028.985562592
1191.509203025568 3312.806569568
1191.558811324568 2252.889938209
1191.598070213068 2460.187282848
1191.631517478688 2084.943450624
1191.640110152694 2420.330436704
1194.595506736508 2149.629315761
1195.528734275568 1618.886399248
1195.614670600134 960.25847656
1196.626926558944 2418.170393584
1197.569994041188 3174.867798703
1199.609226363632 1668.562851313
1199.677097457382 1411.345461552
1200.576585838068 1300.742499663
1200.653856345878 3487.65154744
1201.473680564628 1032.550058144
1201.598436424008 3099.709219151
1202.526170799008 1650.781161937
1203.587450095878 2672.175927665
1203.598728316756 2202.097273153
1203.629123533378 1429.074148976
1203.632005759938 1506.823009503
1203.683218207557 1356.539713039
1204.506883689628 1842.852086127
1204.602634566756 1920.190461679
1204.609548773961 2976.772104672
1204.708103316756 1692.969909615
1205.524950095878 3514.120019201
1205.6265165474001 1025.87555816
1205.639085838068 1395.947423905
1205.646701949568 2342.809709504
1206.559007713068 1659.534824145
1206.585666793318 1593.998242672
1207.549730369318 2606.346978143
1207.575120994318 3184.103939376
1208.581834861508 2026.350091856
1209.601732322438 2440.879917183
1213.557468551132 913.261680752
1213.610521384938 2311.565939297
1213.634250777694 2208.421402801
1214.598192283378 2549.693178896
1215.492479392758 1060.531708512
1215.549533980818 1833.028592848
1215.671604293318 1246.573360384
1216.528659957382 2895.65363952
1216.572557517758 2040.845535727
1216.583347457382 989.812711887
1216.597459861508 2073.904245999
1216.598802634938 2106.370857376
1217.529344627128 1282.228098383
1218.744114058944 1412.710781312
1219.524631637068 1920.656451903
1219.7295706001341 933.365895279
1220.537645408378 1633.43158944
1220.634080955258 4492.50895832
1220.639255660506 1637.295186464
1221.607469627128 2791.850037905
1223.592746871444 1307.758986785
1223.666111129256 4505.494941393
1224.603075095878 1903.702727312
1224.687247066756 1498.121963135
1227.603977340194 2583.09740752
1228.604295799008 1739.016249825
1228.645986762243 3754.049089728
1229.509935447438 1593.256658879
1229.530047066756 1097.038045231
1229.676647066756 1155.867001536
1231.659153121444 3385.933362703
1232.710287299352 1734.937019984
1235.633104392758 2869.53941016
1236.555759566756 916.909312832
1236.616916793318 1975.892813951
1237.650647066756 2223.241206399
1238.701511519882 1573.303196032
1240.622898238632 3933.788889056
1240.644212791188 1441.985653088
1241.669895308944 2976.852233712
1243.565965720878 2535.915580592
1243.632249900568 3891.363513184
1244.630907127128 2162.724680367
1245.634325095878 1155.639518895
1246.574876853688 1884.991954577
1246.652670111852 1103.592417439
1247.596286910506 2688.106429248
1247.613132613632 3718.288237583
1247.618869918318 2837.326155248
1249.587375777694 2568.027335616
1252.602268355818 1363.317573728
1252.614231246444 4626.168884416
1252.655979293318 1880.236285536
1254.651462691756 2549.338712592
1255.683200973006 2691.5939216
1256.672214644882 1187.137410576
1257.541795799008 1003.77478936
1257.597141402694 4480.351917407
1257.672655174008 1795.151560704
1258.602512496444 3020.676921281
1258.648973533378 2633.767912959
1260.628954002128 3409.738813392
1260.734304633336 2237.240302111
1261.591526168318 2118.313402192
1261.674289840194 1496.937512799
1263.556688377128 2352.4136988
1264.549364158378 2139.9987996
1266.552415916188 1911.14619432
1269.576707908378 1142.676522719
1271.574144431818 2005.846883408
1271.621385642758 2639.369566927
1271.638109275568 2743.139788368
1272.606540816756 1614.778559712
1273.537326949568 2166.353791456
1273.609447066756 2237.391658351
1274.519701072438 3031.336117264
1274.604784080258 2494.639430256
1274.628954002128 3102.444737008
1274.677219527694 4391.003519791
1281.573123533378 1691.05822824
1281.576755660506 2291.911796368
1282.617160933944 3216.405586816
1283.703586715194 4479.725945103
1284.598436424008 2914.470526816
1284.624607223006 3969.183000607
1284.642063277694 2787.314199137
1285.641527244318 1213.972005775
1286.543723533378 1287.515268513
1286.637319770057 1019.061205968
1286.728000777694 1311.094979407
1290.781833785506 1904.821676336
1293.609592574568 1635.055911648
1293.626316207382 1889.802770688
1293.679538863632 3265.743950768
1297.645921775568 2134.280534384
1298.531663963068 2035.259995664
1300.677049705258 1679.656044992
1302.561815330258 1014.301006208
1303.623338767758 3062.73453416
1305.560228416188 1504.804705615
1312.728929588068 4482.191356272
1313.671970504256 1323.01277736
1316.655857223006 1693.130522255
1320.693838324743 3749.85450352
1322.666185447438 1156.316993472
1328.684909957382 1788.681690735
1329.573045799008 1021.918081743
1330.521335738632 1032.15792872
1331.568210738632 2444.217512335
1335.643283980818 1913.251976656
1340.677463668318 2130.982162049
1354.672458785506 2093.084882432
1365.660984176132 2549.933294944
1367.573247066756 1947.05329064
1370.668552535506 3052.987660464
1377.623752730818 3250.047258656
1385.598192283378 980.584196416
1455.820181098182 1755.641112591
1466.797702926132 3257.614361824
1468.839647361508 2878.01932904
1469.886203902694 4157.248821888
1475.734348433944 3639.392436273
1516.741672652694 2115.880498512
1520.917647066756 2239.142595087
1525.677341598006 3133.299300912
1527.841159957382 2802.050885071
1535.819675582382 3425.236965951
1536.815223533378 2394.899299679
1545.788181441756 2457.485003617
1555.773847066756 2076.590766623
1556.769847066756 2359.708666944
1558.7848470667561 1497.162875359
1560.936047066756 3651.220578127
1568.856174605818 3909.013825408
1569.858371871444 1285.074376128
1572.840671676132 2331.071150799
1573.872409957382 2542.8694432
1582.742283004256 1746.367962016
1588.828098433944 2720.059441407
1589.732883590194 1983.247147777
1592.812473433944 3352.969014895
1596.855198043318 3240.66374408
1601.892917769882 2793.271106976
1604.887180465194 1512.350537615
1607.845554488632 2443.778396623
1611.883396285506 3378.956388416
1615.893650191756 2519.149477855
1616.925253119666 1654.479142063
1619.850925582382 1850.037310191
1622.899021285506 2063.543157471
1622.925361906948 2040.460064113
1623.864841598006 2297.476458096
1631.804783004256 2591.150197424
1641.880447066756 3889.187617072
1642.837009566756 4077.963165569
1643.903415816756 3469.859237168
1646.925619330602 4664.012813135
1647.887302535506 4228.767682576
1650.914035933944 1814.394564832
1651.990085738632 3124.636741441
1656.744846480818 2458.859815025
1662.930685248573 1991.197072785
1663.868259566756 3085.259032783
1666.9368706001342 2193.263012881
1666.9717486257 1472.883196015
1667.777927535506 1836.856574383
1669.863132613632 1534.836662881
1669.938423430388 2762.415915505
1676.921470600134 3152.122576816
1678.838569914764 1275.6028588
1680.914524215194 1413.233764657
1682.955783980818 3349.785271519
1683.836399215194 2476.577258161
1684.9044470667561 1551.599775072
1685.934421676132 2310.3824524
1690.920894133512 1056.198883312
1691.772434371444 1858.254372752
1691.971653121444 4014.619120399
1695.893406051132 1652.472972767
1702.937447066756 1640.124466928
1702.952596869666 2737.327283039
1703.880466598006 2345.397479824
1706.913547652694 2278.759571599
1708.867160933944 2918.230260479
1709.910347258512 2104.525801503
1711.922018256384 2230.029069457
1713.914402144882 1085.650228384
1716.856710639198 1836.308225584
1717.779758590194 1472.806955023
1717.934787887068 1409.018930481
1719.915134566756 2545.491590512
1721.900119918318 2665.51993064
1722.795847066756 3167.813967232
1724.880100387068 3415.241872112
1731.904636519882 3941.101467248
1732.805271285506 1711.024331536
1734.828464644882 2542.277581776
1736.982273238632 4628.453297568
1746.9629595632 2358.172973312
1755.919040816756 3290.273957184
1756.924900191756 4028.291205088
1758.904867377477 2689.661018208
1767.909261908727 4477.334409392
1769.797702926132 3923.924010527
1777.793674605818 3396.366081233
1780.892795699568 2356.104932448
1780.974070600134 2172.704433583
1802.910070600134 1978.304342799
1808.005880561073 1617.087981552
1810.9627154225761 4468.862746479
1811.953570600134 1495.570560847
1813.927585738632 3326.782162191
1818.8736706001341 3551.812436495
1824.806647066756 2318.938496
1842.908394133512 1373.265089231
1846.008884566756 4114.361872543
1859.007785933944 4309.270813393
1860.985067572791 4448.292530144
1870.965970600134 3373.467233632
1893.890047066756 4277.312673231
1968.991428512068 2897.947167233
